-142.18 -56.77 19 -0.09 1.31 -1.23 0.17 -0.09 1.07 24 X Y 201703010248A  
142.92 21.73 295 0.76 -0.19 -0.57 -0.05 0.07 -0.44 24 X Y 201703010608A  
141.48 37.63 46 4.32 -1.17 -3.14 1.33 2.33 -0.78 23 X Y 201703010643A  
130.13 -6.37 153 0.37 -0.24 -0.13 0.26 1.15 0.01 24 X Y 201703010659A  
-28.40 49.64 12 -5.24 -0.03 5.27 1.47 -0.29 0.45 23 X Y 201703010908A  
-173.21 52.12 58 0.81 -0.70 -0.12 0.07 0.19 -0.32 24 X Y 201703011039A  
-152.59 59.65 92 1.22 -3.09 1.87 -0.40 1.56 -0.29 24 X Y 201703020211A  
38.45 37.53 17 0.20 -2.60 2.40 1.51 0.15 0.12 24 X Y 201703021107A  
131.82 32.69 49 -0.48 -0.10 0.59 0.24 0.60 -0.06 24 X Y 201703021453A  
-27.50 61.25 17 -2.37 -0.46 2.82 -0.72 -0.23 3.36 23 X Y 201703021913A  
-122.18 -56.22 13 -3.52 3.05 0.48 -0.65 -2.31 2.60 23 X Y 201703022111A  
-129.56 -55.24 20 -0.10 0.92 -0.82 -0.17 0.06 1.18 24 X Y 201703032353A  
94.76 25.16 98 -0.04 -2.23 2.27 -0.14 1.24 3.53 23 X Y 201703040211A  
155.73 -7.45 22 1.05 -0.83 -0.22 0.45 -0.50 0.57 25 X Y 201703040258A  
155.76 -7.47 27 0.68 -0.52 -0.16 0.26 -0.47 0.35 24 X Y 201703040316A  
-178.56 -20.02 617 -0.56 0.35 0.21 -0.35 -0.76 0.18 24 X Y 201703042003A  
-17.42 -59.26 17 -0.29 -1.90 2.19 2.17 -0.47 4.75 23 X Y 201703042011A  
125.48 9.84 20 -0.14 3.31 -3.17 -1.75 -1.87 -2.48 24 X Y 201703050008A  
177.82 -64.92 18 -0.56 4.58 -4.02 -4.74 1.44 0.40 23 X Y 201703050057A  
-128.81 -55.44 18 -0.74 2.87 -2.12 -0.89 -0.43 3.38 24 X Y 201703051222A  
149.54 -6.30 48 3.39 -3.91 0.52 0.65 -0.17 -0.08 25 X Y 201703052247A  
178.45 -19.64 21 6.66 -5.06 -1.60 -1.28 1.91 4.06 23 X Y 201703060306A  
167.38 60.91 16 2.23 -0.64 -1.59 -3.44 -2.04 -1.35 23 X Y 201703061730A  
178.85 -24.01 563 0.01 0.12 -0.14 -0.91 -0.62 0.18 24 X Y 201703061818A  
-179.87 -31.08 388 -0.97 -0.49 1.45 -0.79 -0.74 -0.39 24 X Y 201703061925A  
-104.94 -35.37 22 -0.95 -0.99 1.94 -0.30 -1.16 -4.48 23 X Y 201703062328A  
171.40 -22.91 15 0.03 -0.17 0.14 0.95 0.13 0.51 24 X Y 201703071055A  
101.94 -6.61 14 1.05 -0.78 -0.27 1.29 -0.99 0.53 24 X Y 201703071545A  
142.16 41.49 55 3.56 -0.43 -3.13 1.23 2.32 -1.27 24 X Y 201703071608A  
168.07 -14.94 12 2.21 -0.03 -2.18 0.69 0.10 0.69 24 X Y 201703072338A  
128.65 2.62 42 0.47 -0.63 0.16 -0.51 0.44 0.33 24 X Y 201703080138A  
-98.24 -36.33 24 -0.41 -0.19 0.60 0.12 0.55 -4.06 23 X Y 201703081050A  
-133.90 -54.30 12 -0.98 1.05 -0.07 0.19 -0.17 -0.05 24 X Y 201703081403A  
178.47 52.02 116 -0.43 -0.34 0.77 0.37 -0.34 0.21 24 X Y 201703090226A  
148.03 45.40 145 -0.90 1.44 -0.54 -2.36 -3.21 0.15 23 X Y 201703090250A  
150.16 -60.02 12 -0.03 0.54 -0.51 -0.23 0.02 -0.68 25 X Y 201703091114A  
-72.14 -30.63 20 5.26 -0.02 -5.24 0.18 -4.58 -0.03 23 X Y 201703100622A  
-69.73 12.06 20 -0.80 0.16 0.64 -0.09 0.10 -0.38 24 X Y 201703101346A  
175.44 -64.18 13 -1.02 3.04 -2.01 -3.40 1.24 -0.54 23 X Y 201703101441A  
-105.54 -4.51 16 0.55 1.15 -1.71 1.06 -0.99 4.01 23 X Y 201703110702A  
-177.53 -30.54 37 2.94 0.06 -3.00 0.24 2.04 -1.28 24 X Y 201703111710A  
130.37 31.03 146 0.69 -0.26 -0.42 0.69 1.10 -0.31 24 X Y 201703111848A  
141.62 37.56 48 1.14 -0.16 -0.98 0.35 0.69 -0.28 24 X Y 201703111957A  
-91.23 13.12 16 3.12 -2.34 -0.78 2.89 -2.40 0.98 23 X Y 201703120912A  
-179.10 -21.79 611 0.87 0.27 -1.14 -0.54 -1.16 -0.22 24 X Y 201703121009A  
140.52 -1.90 15 -2.90 3.10 -0.19 2.15 0.61 0.22 23 X Y 201703130715A  
145.31 14.32 108 -1.55 1.28 0.28 0.93 -2.02 -0.82 24 X Y 201703130849A  
96.09 17.23 12 -1.08 2.30 -1.22 0.74 0.66 7.40 23 X Y 201703131419A  
-71.50 -30.52 48 5.96 0.13 -6.09 0.51 -2.50 0.49 23 X Y 201703131505A  
92.17 6.23 17 -0.33 -0.54 0.87 0.08 -0.21 -0.84 25 X Y 201703140251A  
121.14 0.70 88 -0.51 -1.10 1.61 -0.94 -0.15 0.21 24 X Y 201703140555A  
73.47 39.28 17 -0.62 -1.59 2.21 -1.33 0.13 -3.34 23 X Y 201703141107A  
169.89 -21.04 146 1.89 0.67 -2.56 1.74 0.54 1.71 24 X Y 201703141236A  
95.71 3.59 39 0.64 -0.20 -0.44 0.22 -0.64 0.40 24 X Y 201703141313A  
-177.16 -15.46 15 -0.07 -2.14 2.21 0.13 -0.16 3.08 24 X Y 201703141503A  
-177.24 -30.25 28 0.38 0.40 -0.78 -0.22 0.62 -0.31 24 X Y 201703141816A  
-2.26 -54.01 20 -2.76 1.11 1.65 2.47 -0.37 -1.08 23 X Y 201703141938A  
-175.65 -24.49 17 -0.76 -2.93 3.68 -1.07 -0.97 -0.17 23 X Y 201703142031A  
-170.35 52.08 37 4.24 -2.97 -1.27 1.61 1.50 -1.81 23 X Y 201703142101A  
-98.11 -36.33 20 -0.28 -0.26 0.54 0.16 -0.69 -4.25 23 X Y 201703142238A  
-2.16 -54.21 13 -4.52 2.25 2.26 -0.34 -1.59 -2.17 23 X Y 201703142316A  
-91.76 -40.89 12 -0.77 -0.06 0.83 0.41 0.06 -0.10 24 X Y 201703142339A  
179.24 51.29 27 3.17 -3.62 0.45 0.27 2.30 -2.56 23 X Y 201703152147A  
179.18 51.20 22 2.59 -2.62 0.03 1.96 2.03 -1.27 24 X Y 201703152219A  
-173.15 -20.34 17 3.46 -0.51 -2.95 0.95 1.08 -0.71 23 X Y 201703160630A  
-67.07 -24.24 205 -6.22 0.30 5.92 0.59 -1.97 1.73 23 X Y 201703160808A  
179.15 -23.58 555 -1.49 1.20 0.28 0.20 -0.17 -0.90 24 X Y 201703160829A  
161.07 -8.04 12 7.39 -3.76 -3.64 0.17 2.41 3.42 23 X Y 201703161825A  
114.62 -11.73 12 -1.03 1.38 -0.34 0.53 -0.15 0.06 24 X Y 201703161839A  
-82.69 4.73 35 0.11 -0.23 0.12 0.08 0.44 3.91 23 X Y 201703161939A  
130.70 30.44 62 0.14 2.24 -2.38 0.21 3.05 3.33 23 X Y 201703170657A  
-176.62 -23.60 124 -0.91 -0.03 0.94 -0.53 -1.38 -0.22 24 X Y 201703171018A  
-27.47 -59.72 194 -3.33 -1.84 5.17 -3.60 0.83 -1.06 23 X Y 201703180031A  
144.02 38.72 15 -2.62 0.94 1.68 -0.35 2.29 2.65 23 X Y 201703180133A  
165.12 -62.16 19 -0.17 0.97 -0.80 -0.33 0.14 -0.14 24 X Y 201703180233A  
-17.31 -59.25 13 -0.47 -0.85 1.32 1.24 -0.14 3.46 23 X Y 201703180313A  
-90.95 -41.25 22 -1.24 0.71 0.53 -1.06 0.35 -3.99 23 X Y 201703190449A  
161.07 -8.02 12 0.99 -0.47 -0.51 -0.29 0.35 0.49 25 X Y 201703191543A  
150.10 -59.95 12 -0.06 0.73 -0.66 -0.37 0.09 -0.99 24 X Y 201703192034A  
161.14 -8.14 12 4.20 -1.99 -2.22 0.08 2.67 1.98 23 X Y 201703200424A  
-100.47 -36.19 17 -0.61 -0.83 1.44 1.52 -0.12 -4.55 23 X Y 201703200724A  
-66.35 -27.20 187 -1.32 1.58 -0.25 0.59 2.72 -3.19 23 X Y 201703200817A  
-81.29 -3.70 37 2.64 0.62 -3.26 0.09 -2.16 -0.58 23 X Y 201703210429A  
-77.61 6.22 15 1.78 -0.20 -1.58 0.80 -4.03 0.76 23 X Y 201703210831A  
104.55 -6.55 60 2.42 -3.41 0.99 0.85 -1.08 2.18 23 X Y 201703211313A  
-68.70 -21.68 145 0.46 1.11 -1.57 -0.82 -3.43 0.87 23 X Y 201703211501A  
115.27 -8.75 130 3.50 -0.20 -3.30 -1.46 1.38 -1.79 24 X Y 201703212310A  
129.82 -6.82 139 0.61 -2.52 1.91 0.41 1.71 1.93 23 X Y 201703220802A  
72.01 37.66 30 -0.61 -4.23 4.84 -0.56 -1.43 2.53 23 X Y 201703221127A  
67.37 28.90 25 0.48 -3.48 3.00 1.56 -0.56 -1.64 23 X Y 201703240123A  
-79.59 3.31 12 -0.65 0.60 0.05 0.46 0.23 -0.01 24 X Y 201703240900A  
67.60 -1.12 12 -0.13 -1.22 1.35 -0.22 -0.15 -0.39 24 X Y 201703241335A  
127.26 26.75 95 -0.51 -0.26 0.78 -0.32 -0.12 0.07 24 X Y 201703241643A  
165.98 -11.53 46 4.85 -0.14 -4.70 -0.27 2.00 0.97 23 X Y 201703250301A  
145.36 -5.16 94 0.34 -0.30 -0.03 -0.77 -0.07 -0.68 24 X Y 201703250907A  
136.93 -2.86 47 1.49 -3.58 2.10 -1.80 0.02 1.14 24 X Y 201703251457A  
136.88 -2.80 47 4.71 -6.50 1.79 -1.79 1.42 0.54 23 X Y 201703252003A  
-18.70 67.83 12 -0.88 0.05 0.83 -0.01 0.09 0.19 24 X Y 201703260107A  
-18.49 67.99 12 -4.16 0.23 3.93 1.55 -1.32 0.71 23 X Y 201703260148A  
99.82 25.75 23 0.08 -4.24 4.16 0.25 0.25 0.91 23 X Y 201703262340A  
99.84 25.82 20 0.08 -5.05 4.97 0.26 0.36 0.52 23 X Y 201703262355A  
161.92 -11.70 20 -3.21 2.95 0.26 -1.10 -1.02 -1.22 23 X Y 201703270241A  
-71.79 -36.34 103 -0.53 -2.06 2.59 1.16 -3.37 2.31 23 X Y 201703270303A  
-17.36 -59.21 14 -0.00 -0.46 0.46 0.14 -0.02 1.37 24 X Y 201703271048B  
172.24 52.71 29 1.17 -1.73 0.56 1.92 1.27 0.00 25 X Y 201703271050A  
138.38 42.07 12 6.80 -4.28 -2.52 -1.12 -3.25 -3.76 23 X Y 201703272231A  
-173.63 -21.47 13 4.67 -0.81 -3.86 1.27 1.38 -1.62 23 X Y 201703281601A  
69.13 -23.08 12 -6.83 0.94 5.90 -0.30 3.69 -1.98 23 X Y 201703282333A  
126.01 2.84 118 -2.14 -0.91 3.05 -0.31 8.02 -3.62 23 X Y 201703290330A  
-82.68 5.28 22 0.11 0.10 -0.20 0.24 0.04 1.36 24 X Y 201703290349A  
163.15 57.00 17 0.93 -0.17 -0.77 -0.21 -0.09 -0.45 26 X Y 201703290409A  
-29.61 40.06 14 -1.37 0.23 1.14 0.01 -0.53 0.33 24 X Y 201703290629A  
127.97 -2.15 13 0.02 4.81 -4.84 2.94 1.69 3.82 23 X Y 201703290854A  
-110.09 25.88 22 0.01 -3.47 3.46 -0.17 0.24 -0.85 24 X Y 201703291515A  
-86.76 11.97 97 0.85 0.96 -1.81 1.28 -2.49 -2.07 23 X Y 201703291659A  
41.14 -10.83 19 -3.99 1.87 2.12 0.06 0.95 -2.13 23 X Y 201703292037A  
-12.63 -22.44 12 -0.04 -0.41 0.45 -0.02 0.06 0.90 24 X Y 201703292256A  
168.76 -19.30 65 0.36 -0.26 -0.10 -1.21 0.50 -0.11 24 X Y 201703292356A  
151.89 -5.81 27 1.52 -1.54 0.03 1.44 0.10 -0.55 24 X Y 201703300757A  
-26.94 -55.78 12 0.11 0.20 -0.31 -0.50 1.10 0.25 24 X Y 201703301313A  
163.12 57.00 21 4.40 -0.13 -4.27 -1.19 0.25 -2.54 23 X Y 201703302124A  
-27.78 -55.36 19 2.71 -1.82 -0.90 0.87 2.02 1.62 23 X Y 201703302158A  
151.93 -5.72 27 4.13 -4.45 0.32 2.85 0.58 -1.39 23 X Y 201703310435A  
-173.30 -15.30 101 -3.30 4.51 -1.22 -0.06 2.80 2.60 23 X Y 201703310659A  
-93.16 15.66 93 -0.76 0.36 0.39 0.45 -0.07 -0.63 24 X Y 201703310958A  
120.59 0.37 102 2.18 -0.89 -1.29 -0.62 -1.18 0.92 24 X Y 201703311121A  
3.78 -53.98 12 -3.35 4.87 -1.51 0.49 -1.22 -0.98 23 X Y 201703311609A  
-32.23 52.66 23 -0.72 -0.39 1.11 0.22 -0.46 -3.51 24 X Y 201703311725A  
-71.61 -30.83 42 0.86 -0.04 -0.83 0.12 -0.49 0.07 24 X Y 201703311844A  
-31.80 52.55 28 -0.78 0.63 0.16 1.20 0.27 -3.46 23 X Y 201703312038A
