-120.112499	  35.534174	  0.00	  0.00	  0.00	  0.00	 -0.0274	P538
-120.433696	    35.939353	    0.00    0.00    0.00    0.00  -0.0927	CANP
-120.430821	      35.888385	      0.00    0.00    0.00    0.00		 -0.0431	CARH
-120.750754	        35.791612       0.00    0.00    0.00    0.00		  -0.0508	CRBT
-120.479497		  35.866716	  0.00	  0.00	  0.00	  0.00		   -0.0269	HOGS
-120.402383		    35.880812	    0.00    0.00    0.00    0.00	    -0.0204	HUNT
-120.473284		      35.899792	      0.00    0.00    0.00    0.00	     -0.0274	LAND
-120.594285		        35.828710       0.00    0.00    0.00    0.00	      -0.0114	LOWS
-120.443060			  35.832598	  0.00	  0.00	  0.00	  0.00	       -0.0074	MASW
-120.458830			    35.921913	    0.00    0.00    0.00    0.00        -0.1595	MIDA
-120.434052			      35.969472	      0.00    0.00    0.00    0.00	 -0.0376	MNMC
-120.478436			        35.919912       0.00    0.00    0.00    0.00	  -0.0409	POMM
-120.524826				  35.899995	  0.00	  0.00	  0.00	  0.00	   -0.0282	RNCH
-120.360336				    35.917411	    0.00    0.00    0.00    0.00    -0.0776	TBLP
-120.661093				      35.311805	      0.00    0.00    0.00    0.00   -0.0381	USLO
-119.057905				        36.359957       0.00    0.00    0.00    0.00   0.0172	LCOV
-118.576807					  34.682284	  0.00	  0.00	  0.00	  0.00  -0.0063	BRPK
-119.843814					    34.413307	    0.00    0.00    0.00    0.00	 -0.0998	UCSB
-119.309350					      37.169941	      0.00    0.00    0.00    0.00	  -0.0349	MUSB
-119.757731					        36.698436      -7.91   14.36    4.07    3.34	   -0.0988	0606
-120.078521						  35.855106     -8.61   13.35	  0.55	  0.51	     0.0100	PYRA
-119.966130						    35.988586	-10.12	 12.71	    1.04    0.94      -0.0250	ROBA
-120.464679						      35.942852	-10.17	  10.43	      0.34    0.31     -0.0778	33JD
-120.453097						        35.551774	  -26.91       32.67    0.29     0.27	  0.0042 ALMO
-120.351313							  35.745649	  -23.14        32.19	  0.30	   0.28	   -0.0163 BENC
-120.263846							    35.877646	  -11.75	 15.58	    0.31     0.29   -0.0209 BONN
-120.462480							      35.887746	  -32.84	  36.09	      0.31     0.29  -0.0097 BREK
-120.537251							        35.924993 -32.46	   33.32        0.32     0.30	      -0.1147 BUCK
-119.863199								  36.554280		    -7.17	 12.83	   3.87	        3.42   -0.1913 C2R3
-120.430577								    35.888125		    -23.72	  27.86	     0.43	  0.39   0.0027 CARX
-120.265097								      35.756325		    -15.34	   20.27       0.30	    0.28   0.0083 CBAR
-120.584094								        35.970401	    -32.60	    32.28        0.30	      0.28   0.0204 CHEC
-119.977064									  35.961575	     -9.75	     12.95	   0.57	        0.52   0.0030 COLO
-120.222463									    35.787754	     -13.10	      17.87	     0.27	  0.26  -0.0204 CTWD
-120.490592									      35.943450	     -49.92	       42.59	       0.77	    0.69	  0.0101 GILL
-120.350166									        35.830733    -10.46	        16.02	         0.29	      0.28	   -0.0127 GO42
-119.628126										  36.316681  -14.03		  7.40		   2.07	        1.68	     0.0071 HAND
-120.381601										    35.674056			  -28.21	    31.77	  1.31	       1.05   0.0053 HOPP
-120.178065										      35.686046			  -17.42	     20.84	    0.31         0.29  -0.0102 HTR1
-119.561491										        36.866753		   -7.65	      13.91	      4.09	   3.39	        -0.1354 J123
-120.540380											  35.956598		   -32.12	       32.85	        0.32	     0.30	 -0.0567 JD84
-120.435214											    35.909442		   -10.06	        11.74		  0.33	       0.31	  -0.0510 JOAQ
-120.347223											      35.913742		   -10.25		 13.36		    0.30         0.29	   -0.0062 KNGR
-120.499321											        35.957061	    -7.35		   5.89		      0.58	   0.54	    -0.0114 LIME
-120.456257												  35.950443	     -5.78		    -0.92	        0.52	     0.49     0.0241 LOST
-120.442986												    35.832594	     -25.01		     29.38		  0.40	       0.37     0.0072 MASO
-120.520799												      35.920171	     -40.51		      37.90		    0.68         0.61	 -0.0031 MDDF
-120.498287												        35.949646    -32.25		       24.65		      0.32	   0.30	  -0.0424 MIDE
-120.596007													  36.078887  -10.88		        10.37		        0.30	     0.28  -0.0136 MITH
-120.434891													    35.969393				-12.39			 15.58	       0.34	     0.31   0.0181 MNMT
-120.707569													      35.948937				-32.06			  30.70	         0.29	       0.28  -0.0029 MONT
-120.442164													        35.885044			-27.39			   29.73	   0.37	         0.34	      -0.0560 OQUI
-120.452598														  35.963867			 -5.15			     2.19	     0.55	   0.51	        0.0643 PIGG
-120.306066														    35.895551			 -10.55			      14.97	       0.27	     0.26	  0.0022 PK59
-120.260599														      35.604956			 -24.65			       27.43	         0.26	       0.26	   -0.0122 RH32
-120.524948														        35.900189		   0.00			         0.00		   0.00	         0.00	     0.0000 RANC
-120.682399															  36.029683		   -30.76			  32.15		     0.28	   0.26	      -0.0419 SHR2
-120.409192															    35.936165		    -1.99			    0.39	       1.45	     1.17      -0.0119 TBPF
-120.018148															      35.487704		    -21.03			     23.30	         0.30	       0.29     -0.0268 TWR2
-120.273326															        35.708270	    -21.49			      26.60		   0.32	         0.29	 -0.0182 WATH
-120.469165																  35.763295	    -26.65			       32.41		     0.34	   0.32	  -0.0251 WD42
